32.	0.000900612148090704	0
32.744438	0.0033884312059798117	0
33.488876	-0.009129256715119216	0
34.233314	-0.0039011443273673342	0
34.977752	0.012283838100091116	0
35.72219	-0.007535976869762011	0
36.466628	-0.015483935696905425	0
37.211066	0.015631147903068392	0
37.955504	0.019659399297135796	0
38.699942	-0.01628759100990362	0
39.44438	-0.021177468035284048	0
40.188818	0.014286375300697256	0
40.933256	0.029691703724499807	0
41.677694	-0.0021176598472834687	0
42.422132	-0.029053303123816387	0
43.16657	-0.016483041817162713	0
43.911007999999995	0.014881778463534816	0
44.655446	0.021898868236494902	0
45.399884	-0.0014607810171358424	0
46.144322	-0.01896377457800651	0
46.88876	-0.0088082221176046	0
47.633198	0.013125408942060367	0
48.377635999999995	0.0167290212008394	0
49.122074	-0.005216253292052405	0
49.866512	-0.027384572348795027	0
50.61095	-0.021471124455261822	0
51.355388	0.014652875113596761	0
52.099826	0.05248204158746953	0
52.844263999999995	0.05417461228802376	0
53.588702	0.00926715645954458	0
54.33314	-0.05339326127127966	0
55.077578	-0.09305120539112016	0
55.822016	-0.08480295466196107	0
56.566454	-0.02964802409873351	0
57.310891999999996	0.05123323038894545	0
32.5	-0.0009971099500421443	1
33.244438	0.0050308470664312595	1
33.988876	-0.005765479862214308	1
34.733314	-0.007021664241408431	1
35.477752	0.012961302579303084	1
36.22219	-0.00041805593098070065	1
36.966628	-0.018620629410965844	1
37.711066	0.0072581012240217286	1
38.455504	0.02441289156866782	1
39.199942	-0.008373420880337407	1
39.94438	-0.027144432629216394	1
40.688818	0.0024709358030992833	1
41.433256	0.031309172607106944	1
42.177694	0.009701680245009668	1
42.922132	-0.025587119726440018	1
43.66657	-0.023939680516538567	1
44.411007999999995	0.00833945841580262	1
45.155446	0.026874343305774186	1
45.899884	0.007639378908474324	1
46.644322	-0.01898056705808931	1
47.38876	-0.017908690950004767	1
48.133198	0.007787963454880332	1
48.877635999999995	0.025416358154726818	1
49.622074	0.010256407336719257	1
50.366512	-0.023406640932401617	1
51.11095	-0.03911068089328562	1
51.855388	-0.01679578738384077	1
52.599826	0.03140204866640229	1
53.344263999999995	0.06730406681553401	1
54.088702	0.054332078687212224	1
54.83314	-0.004711071440889356	1
55.577578	-0.0698831028748408	1
56.322016	-0.10169691676509797	1
57.066454	-0.08293923959674844	1
31.	-0.0001239049050108712	2
31.744627	0.0008748799154820525	2
32.489254	0.0009290675214324129	2
33.233881	0.00023991392235723412	2
33.978508	-0.0037435112947291696	2
34.723135	0.0056816737733653205	2
35.467762	-0.0002917897220394017	2
36.212389	-0.0117414663478291	2
36.957016	0.008536005720399703	2
37.701643000000004	0.011537736144036905	2
38.44627	-0.0174797908474592	2
39.190897	-0.009896636124624134	2
39.935524	0.02491766497353249	2
40.680151	0.012907061723979861	2
41.424778	-0.0267828637895022	2
42.169405	-0.021289381204944346	2
42.914032000000006	0.02189476589923879	2
43.658659	0.03262430538178016	2
44.403286	-0.008162060523794347	2
45.147913	-0.03618029460589032	2
45.892540000000004	-0.016067195566561734	2
46.637167000000005	0.02521136189594052	2
47.381794	0.033565804163993504	2
48.126421	-0.0022322881083463217	2
48.871048	-0.03418899973869506	2
49.615675	-0.025479632363057194	2
50.360302000000004	0.015150413206251608	2
51.104929	0.045453579030613235	2
51.84955600000001	0.027882447481937644	2
52.594183	-0.023478525845331416	2
53.33881	-0.05983445248809186	2
54.083437	-0.04999391930297098	2
54.828064000000005	0.003018945096385123	2
55.572691000000006	0.06720823733223472	2
56.317318	0.09507132228589794	2
57.06194500000001	0.057723278092473754	2
34.5	-0.0007985577792783798	3
35.22	-0.0007372049238636774	3
35.94	0.005130948756214333	3
36.66	-0.0030754203608022238	3
37.38	-0.0020706482226237623	3
38.1	0.010755718732644368	3
38.82	-0.0023754858506526075	3
39.54	-0.013754578886523235	3
40.26	0.008026464469351449	3
40.980000000000004	0.01625128752561872	3
41.7	-0.013629789183942809	3
42.42	-0.022082210403871858	3
43.14	0.011700870040005293	3
43.86	0.030303697294971586	3
44.58	-0.005042020450088254	3
45.3	-0.036567076985205345	3
46.019999999999996	-0.016040060539057727	3
46.74	0.032174419566778106	3
47.46	0.04124863571158782	3
48.18	-0.005114832548003573	3
48.9	-0.04493725857535002	3
49.620000000000005	-0.033645722962171935	3
50.34	0.017002095948267678	3
51.06	0.0552396323593637	3
51.78	0.033714157889291274	3
52.5	-0.02550644071714338	3
53.22	-0.06231312160646322	3
53.94	-0.04747212485797152	3
54.66	0.008706334349766202	3
55.379999999999995	0.06624685914133739	3
56.1	0.0767843330865293	3
31.	-0.0001239049050108712	4
31.744627	0.0008748799154820525	4
32.489254	0.0009290675214324129	4
33.233881	0.00023991392235723412	4
33.978508	-0.0037435112947291696	4
34.723135	0.0056816737733653205	4
35.467762	-0.0002917897220394017	4
36.212389	-0.0117414663478291	4
36.957016	0.008536005720399703	4
37.701643000000004	0.011537736144036905	4
38.44627	-0.0174797908474592	4
39.190897	-0.009896636124624134	4
39.935524	0.02491766497353249	4
40.680151	0.012907061723979861	4
41.424778	-0.0267828637895022	4
42.169405	-0.021289381204944346	4
42.914032000000006	0.02189476589923879	4
43.658659	0.03262430538178016	4
44.403286	-0.008162060523794347	4
45.147913	-0.03618029460589032	4
45.892540000000004	-0.016067195566561734	4
46.637167000000005	0.02521136189594052	4
47.381794	0.033565804163993504	4
48.126421	-0.0022322881083463217	4
48.871048	-0.03418899973869506	4
49.615675	-0.025479632363057194	4
50.360302000000004	0.015150413206251608	4
51.104929	0.045453579030613235	4
51.84955600000001	0.027882447481937644	4
52.594183	-0.023478525845331416	4
53.33881	-0.05983445248809186	4
54.083437	-0.04999391930297098	4
54.828064000000005	0.003018945096385123	4
55.572691000000006	0.06720823733223472	4
56.317318	0.09507132228589794	4
57.06194500000001	0.057723278092473754	4