0.0169836572406114
0.010534340098326
0.00345988240485056
0.00345988240485056
0.00345988240485056
0.00345988240485056
0.00345988240485056
0.00345988240485056
0.00345988240485056
0.00345988240485056
0.00280447821342514
0.00280447821342514
0.00280447821342514
0.00280447821342514
0.00280447821342514
0.00280447821342514
0.00280447821342514
0.00280447821342514
0.00280447821342514
0.00280447821342514
0.00280447821342514
0.00273739500760627
0.00260576195412022
0.00257704111755245
0.00257704111755245
0.00257704111755245
0.00237410533590945
0.000767319273929054
0.000767319273929054
0.000767319273929054
0.000767319273929054
0.000767319273929054
0.000767319273929054
0.000767319273929054
0.000767319273929054
0.000747841895508594
0.00070822282062327
0.000623051127266972
0.000620800654201236
0.000620800654201236
0.000620800654201236
0.000610425937833364
0.000610425937833364
0.000589301869034879
0.000575277993029061
0.000535414241195846
0.000535414241195846
0.000535414241195846
0.000534670915630815
0.000534670915630815
0.000526060901640338
0.000511420521619477
0.000503001791296357
0.000503001791296357
0.000503001791296357
0.000487783791646782
0.000484130867269652
0.000484130867269652
0.000458860118284074
0.000458860118284074
0.000453526376861347
0.000453526376861347
0.000453526376861347
0.000453526376861347
0.000453526376861347
0.000453526376861347
0.000453109755261382
0.00044847230255643
0.00044847230255643
0.000448462420354956
0.000448462420354956
0.000447593700668777
0.000446086825392225
0.000446086825392225
0.000446086825392225
0.000445974382336625
0.000445721044662858
0.000445721044662858
0.000445131031433165
0.000445131031433165
0.000445131031433165
0.000443578682729315
0.000443578682729315
0.000442420207859038
0.00044179581024175
0.00044179581024175
0.000441613547319928
0.000441370999407099
0.000441084127584493
0.000441084127584493
0.000440708349610605
0.000440708349610605
0.000440702523555013
0.000440702523555013
0.000439917887152228
0.000439917887152228
0.000439917887152228
0.000439706340659076
0.000439706340659076
0.000439706340659076
