0.0105672267157555
0.0105672267157555
0.00919649644164253
0.00919649644164253
0.00919649644164253
0.00919649644164253
0.00731240198514548
0.00731240198514548
0.00731240198514548
0.00731240198514548
0.00731240198514548
0.00731240198514548
0.00731240198514548
0.00731240198514548
0.00505207902878673
0.00505207902878673
0.00446763160928842
0.00446763160928842
0.00446763160928842
0.00446763160928842
0.00446763160928842
0.00413064537931922
0.00413064537931922
0.00392893182025476
0.00392893182025476
0.00392893182025476
0.00392893182025476
0.00392893182025476
0.00267874596014066
0.00267874596014066
0.00267874596014066
0.00267874596014066
0.00267874596014066
0.00267874596014066
0.00267874596014066
0.00267874596014066
0.00267874596014066
0.00267874596014066
0.00267874596014066
0.00267874596014066
0.00267874596014066
0.00267874596014066
0.00267874596014066
0.00267874596014066
0.00267874596014066
0.00267874596014066
0.00267874596014066
0.00202328065133223
0.00202328065133223
0.00202328065133223
0.00202328065133223
0.00202328065133223
0.00202328065133223
0.00202328065133223
0.00202328065133223
0.00202328065133223
0.00164061626834572
0.00164061626834572
0.00164061626834572
0.00164061626834572
0.00164061626834572
0.00164061626834572
0.00164061626834572
0.00164061626834572
0.00164061626834572
0.00164061626834572
0.00164061626834572
0.00164061626834572
0.00119422233938509
0.00119422233938509
0.00119422233938509
0.00119422233938509
0.00119422233938509
0.00119422233938509
0.00119422233938509
0.00119422233938509
0.00119422233938509
0.00119422233938509
0.00119422233938509
0.00119422233938509
0.00116215533712792
0.00116215533712792
0.00116215533712792
0.00103358951813134
0.00103358951813134
0.00103358951813134
0.00103358951813134
0.00103358951813134
0.00103358951813134
0.00103358951813134
0.00103358951813134
0.00103358951813134
0.00103358951813134
0.00103358951813134
0.00103358951813134
0.00103358951813134
0.00103358951813134
0.000962723993927655
0.000962723993927655
0.000962723993927655
