0.0186326542435216
0.0186326542435216
0.017241925930167
0.0138011245254084
0.0138011245254084
0.0131939341847709
0.0131939341847709
0.0101426495569784
0.0101426495569784
0.0101426495569784
0.0101426495569784
0.0101426495569784
0.0101426495569784
0.00311437610931348
0.00311437610931348
0.00311437610931348
0.00311437610931348
0.00311437610931348
0.00311437610931348
0.00311437610931348
0.00311437610931348
0.00311437610931348
0.00311437610931348
0.00311437610931348
0.00311437610931348
0.00311437610931348
0.00311437610931348
0.00311437610931348
0.00311437610931348
0.00311437610931348
0.00311437610931348
0.00311437610931348
0.00311437610931348
0.00311437610931348
0.00311437610931348
0.00311437610931348
0.00311437610931348
0.00311437610931348
0.00311437610931348
0.00311437610931348
0.00311437610931348
0.00311437610931348
0.00311437610931348
0.00222548512764269
0.00222548512764269
0.00222548512764269
0.00222548512764269
0.00222548512764269
0.00222548512764269
0.00222548512764269
0.00222548512764269
0.00222548512764269
0.00222548512764269
0.00222548512764269
0.00222548512764269
0.00222548512764269
0.00222548512764269
0.00222548512764269
0.00222548512764269
0.00222548512764269
0.00222548512764269
0.00222548512764269
0.00222548512764269
0.00222548512764269
0.00222548512764269
0.00222548512764269
0.00222548512764269
0.00222548512764269
0.00222548512764269
0.00222548512764269
0.00222548512764269
0.00222548512764269
0.00222548512764269
0.00222548512764269
0.00222548512764269
0.00222548512764269
0.00222548512764269
0.00222548512764269
0.00222548512764269
0.00222548512764269
0.00222548512764269
0.00222548512764269
0.00222548512764269
0.00222548512764269
0.00222548512764269
0.00222548512764269
0.00222548512764269
0.00222548512764269
0.00222548512764269
0.00222548512764269
0.00222548512764269
0.00222548512764269
0.00222548512764269
0.00222548512764269
0.00222548512764269
0.00222548512764269
0.00222548512764269
0.00222548512764269
0.00222548512764269
0.00222548512764269
