0.0149650815459606
0.0149650815459606
0.00956259486294227
0.00664959945187472
0.00664959945187472
0.00664959945187472
0.00664959945187472
0.00664959945187472
0.0063111848979208
0.00502151036732764
0.00502151036732764
0.00502151036732764
0.00502151036732764
0.00502151036732764
0.00502151036732764
0.00502151036732764
0.00502151036732764
0.00502151036732764
0.00502151036732764
0.00502151036732764
0.00502151036732764
0.00502151036732764
0.00502151036732764
0.00501899727718109
0.00465672785493016
0.00465672785493016
0.00465672785493016
0.00465672785493016
0.00465672785493016
0.00465672785493016
0.00465672785493016
0.00465672785493016
0.00415582158992836
0.00373097390974904
0.00373097390974904
0.00373097390974904
0.00373097390974904
0.00373097390974904
0.00298261612890073
0.00298261612890073
0.0017099557444617
0.0017099557444617
0.0017099557444617
0.0017099557444617
0.0017099557444617
0.0017099557444617
0.0017099557444617
0.0017099557444617
0.0017099557444617
0.0017099557444617
0.0017099557444617
0.0017099557444617
0.0017099557444617
0.0017099557444617
0.00168272626195413
0.00168272626195413
0.00168272626195413
0.00168272626195413
0.00168272626195413
0.00168272626195413
0.00168272626195413
0.00168272626195413
0.00168272626195413
0.00168272626195413
0.00168272626195413
0.00166996475373056
0.00166996475373056
0.00166996475373056
0.00166996475373056
0.00166996475373056
0.00166996475373056
0.00166996475373056
0.00166996475373056
0.00166996475373056
0.00166996475373056
0.00166996475373056
0.00166996475373056
0.00166996475373056
0.00129478537553925
0.00129478537553925
0.00129478537553925
0.00129478537553925
0.00129478537553925
0.00129478537553925
0.00129478537553925
0.00129478537553925
0.00129478537553925
0.00129478537553925
0.00129478537553925
0.00129478537553925
0.00129478537553925
0.00129478537553925
0.00129478537553925
0.00129478537553925
0.00129478537553925
0.00104102608955412
0.00104102608955412
0.000967927309306122
0.000967927309306122
0.000967927309306122
