0.0144477355955095
0.0144477355955095
0.00898955727535858
0.00898955727535858
0.00894040371191505
0.00854367524002188
0.00708431750689179
0.00708431750689179
0.00708431750689179
0.00653721992987195
0.00653721992987195
0.00653721992987195
0.00653721992987195
0.0035438580550013
0.0035438580550013
0.0035438580550013
0.0035438580550013
0.0035438580550013
0.0035438580550013
0.0035438580550013
0.0035438580550013
0.0035438580550013
0.0035438580550013
0.0035438580550013
0.0035438580550013
0.0035438580550013
0.0035438580550013
0.0035438580550013
0.0035438580550013
0.0035438580550013
0.0035438580550013
0.0035438580550013
0.0035438580550013
0.00273386101786991
0.00273386101786991
0.00273386101786991
0.00273386101786991
0.00273386101786991
0.00152816620454166
0.00152816620454166
0.00152816620454166
0.00152816620454166
0.00152816620454166
0.00152816620454166
0.00152816620454166
0.00152816620454166
0.00152816620454166
0.00152816620454166
0.00152816620454166
0.00152816620454166
0.00152816620454166
0.00152816620454166
0.00152816620454166
0.00152816620454166
0.00152816620454166
0.00152816620454166
0.00152816620454166
0.00152816620454166
0.00152816620454166
0.00118966354681646
0.00118966354681646
0.00118966354681646
0.00118966354681646
0.00118966354681646
0.00118966354681646
0.00109787197086406
0.00109787197086406
0.00109787197086406
0.00109787197086406
0.000726559982549631
0.000726559982549631
0.000726559982549631
0.000726559982549631
0.000726559982549631
0.000726559982549631
0.000726559982549631
0.000726559982549631
0.000726559982549631
0.000726559982549631
0.000726559982549631
0.000726559982549631
0.000726559982549631
0.000726559982549631
0.000726559982549631
0.000726559982549631
0.000606481289345024
0.000606481289345024
0.000606481289345024
0.000606481289345024
0.000606481289345024
0.000606481289345024
0.000606481289345024
0.000606481289345024
0.000606481289345024
0.000552165191153004
0.000552165191153004
0.000552165191153004
0.000537454545382697
0.000537454545382697
0.000537454545382697
