0.0147468013192799
0.0147468013192799
0.0137609557543747
0.0108539142713533
0.00608041652148952
0.00608041652148952
0.00608041652148952
0.00608041652148952
0.00608041652148952
0.00574562185562852
0.00430052772861345
0.00430052772861345
0.00396372247562667
0.00396372247562667
0.00371635916487094
0.00371635916487094
0.00371635916487094
0.00264533716895199
0.00264087200825448
0.00264087200825448
0.00264087200825448
0.00264087200825448
0.00228664160166962
0.00226281029424195
0.00215316309345087
0.00203573556745963
0.00174555488510366
0.00128997368759948
0.00122610205115766
0.00122610205115766
0.0011750810172503
0.00114169442136463
0.000975548638199199
0.000802661776416138
0.000802661776416138
0.000802661776416138
0.000802661776416138
0.000781736914054534
0.000756965243982079
0.000756965243982079
0.000753758562421924
0.000733627384532234
0.000733627384532234
0.00072474233407294
0.000714474381742145
0.000709542429056789
0.000709542429056789
0.000708187394475053
0.000695536730511791
0.000695536730511791
0.000695536730511791
0.000679639938231433
0.000679639938231433
0.000679048879074516
0.000678795083855417
0.000677335718990169
0.000677335718990169
0.000675534172441745
0.000673189759775159
0.000673189759775159
0.000672723577237144
0.000672723577237144
0.000672723577237144
0.000672602224551442
0.000672282041986986
0.000672282041986986
0.000672282041986986
0.000671896869226255
0.000671701992411603
0.000671611647709041
0.000671592271964039
0.000671592271964039
0.000671346529733292
0.000671141200032626
0.00067109069122018
0.00067109069122018
0.00067077572137852
0.000670710604834903
0.000670710604834903
0.000670675024973288
0.00067063244674001
0.000670581254918082
0.000670450113808423
0.0006704401755226
0.000670432087175593
0.000670431418433989
0.000670405556019765
0.000670374916202526
0.000670360912656836
0.000670355167166721
0.000670345385639327
0.000670342378462995
0.000670336916674353
0.000670336916674353
0.000670320594295901
0.000670313523581869
0.000670305469765911
0.000670300841988644
0.00067030080171704
0.000670300358870145
0.0159160842174354
0.0131631336444925
0.0131631336444925
0.0101289862288313
0.0101289862288313
0.00872483638977708
0.00760061929923692
0.00744444879967164
0.00744444879967164
0.00727837858022553
0.00607312896850576
0.00369519615913276
0.00369519615913276
0.00315878952634096
0.00315878952634096
0.00271766079251877
0.00256863712130935
0.00255444193952838
0.00243806087688403
0.00203821867801724
0.00190350516889212
0.00189636623172551
0.00163262256664587
0.00163262256664587
0.00144700063553328
0.00144700063553328
0.00144700063553328
0.00144700063553328
0.00141848265895616
0.00141785972745407
0.00135867467944295
0.00135216212430046
0.00135216212430046
0.00130353346684901
0.00130353346684901
0.00129704685807183
0.00129704685807183
0.00129382240514112
0.0012700206020717
0.0012700206020717
0.0012697107196489
0.00126835954174672
0.00123254899670894
0.00122923709544407
0.00122686708664194
0.00122686708664194
0.00122231063561605
0.00122231063561605
0.00121818558414439
0.00121818558414439
0.00121785872361086
0.00121785872361086
0.00121274770107478
0.00121274770107478
0.00120663034184876
0.00120523477117901
0.00120523358211478
0.00120440494852915
0.00120440494852915
0.00120434690236709
0.0012040714315487
0.00120406735090376
0.00120406735090376
0.00120136626774294
0.00120007549615042
0.00119948051448074
0.00119909402907913
0.00119744116387579
0.00119744116387579
0.00119735284949597
0.00119694141073884
0.00119661531283128
0.00119652408428676
0.00119652408428676
0.00119648646256779
0.00119642888247575
0.00119641528330776
0.00119628241462431
0.0011962689556415
0.00119594558576485
0.00119563784347621
0.00119562166670812
0.00119562166670812
0.00119545108036247
0.00119545108036247
0.00119534478105504
0.00119534478105504
0.00119534107045403
0.00119528417921485
0.0011952481323983
0.0011952356205968
0.0011951664429978
0.00119514468855846
0.00119513853619471
0.00119513270559604
0.00119509625317173
0.00119506221269911
0.00119505253949442
0.00119504519717008
0.00119504519717008
0.00978604492586174
0.00826984644726124
0.00772792341653129
0.00772792341653129
0.00772792341653129
0.00772792341653129
0.00770585441152585
0.00770585441152585
0.00473328106165599
0.00473328106165599
0.00473328106165599
0.00473328106165599
0.00473328106165599
0.00327117103045123
0.00327117103045123
0.00327117103045123
0.00327117103045123
0.00327117103045123
0.00327117103045123
0.00327117103045123
0.00224393994497838
0.00224393994497838
0.00208747643201647
0.00208747643201647
0.00208747643201647
0.00204662683075314
0.00199763984562133
0.00199763984562133
0.00199763984562133
0.00199763984562133
0.00196477024710192
0.00196477024710192
0.00196477024710192
0.00196477024710192
0.00195952194591508
0.00175477806383813
0.00175477806383813
0.00175477806383813
0.00173657201243952
0.00146408098238418
0.00143199431022604
0.00135408793394073
0.00135408793394073
0.00124016357174064
0.00123522431424563
0.00123522431424563
0.00123522431424563
0.00123522431424563
0.00123522431424563
0.00123522431424563
0.00122128385566508
0.00117713124250662
0.00110784262330472
0.00110784262330472
0.00106862807988286
0.0010557607666185
0.0010557607666185
0.00099214682852556
0.00099214682852556
0.000982570571013277
0.000954986542912041
0.000954196703410238
0.000954196703410238
0.000906251799328412
0.000902716456039066
0.000901895605411871
0.000901895605411871
0.000901895605411871
0.000898750210267369
0.000898750210267369
0.000898750210267369
0.000894591057754535
0.000894584250537217
0.000894584250537217
0.000889887721979775
0.000866042684352682
0.000866042684352682
0.000861855759058881
0.00085824641954235
0.000852071199226742
0.000849263194598076
0.000849263194598076
0.000849263194598076
0.00084900257405783
0.000848640352429383
0.000846671983534498
0.00084638615743171
0.000844856590894155
0.000844856590894155
0.00084394664180428
0.00083808979490011
0.00083808979490011
0.00083808979490011
0.00083808979490011
0.00083808979490011
0.000836481952860315
0.000836481952860315
0.000836389738896037
0.000836007765213985
0.000835536558787177
0.00978604492586174
0.00826984644726124
0.00772792341653129
0.00772792341653129
0.00772792341653129
0.00772792341653129
0.00770585441152585
0.00770585441152585
0.00473328106165599
0.00473328106165599
0.00473328106165599
0.00473328106165599
0.00473328106165599
0.00327117103045123
0.00327117103045123
0.00327117103045123
0.00327117103045123
0.00327117103045123
0.00327117103045123
0.00327117103045123
0.00224393994497838
0.00224393994497838
0.00208747643201647
0.00208747643201647
0.00208747643201647
0.00204662683075314
0.00199763984562133
0.00199763984562133
0.00199763984562133
0.00199763984562133
0.00196477024710192
0.00196477024710192
0.00196477024710192
0.00196477024710192
0.00195952194591508
0.00175477806383813
0.00175477806383813
0.00175477806383813
0.00173657201243952
0.00146408098238418
0.00143199431022604
0.00135408793394073
0.00135408793394073
0.00124016357174064
0.00123522431424563
0.00123522431424563
0.00123522431424563
0.00123522431424563
0.00123522431424563
0.00123522431424563
0.00122128385566508
0.00117713124250662
0.00110784262330472
0.00110784262330472
0.00106862807988286
0.0010557607666185
0.0010557607666185
0.00099214682852556
0.00099214682852556
0.000982570571013277
0.000954986542912041
0.000954196703410238
0.000954196703410238
0.000906251799328412
0.000902716456039066
0.000901895605411871
0.000901895605411871
0.000901895605411871
0.000898750210267369
0.000898750210267369
0.000898750210267369
0.000894591057754535
0.000894584250537217
0.000894584250537217
0.000889887721979775
0.000866042684352682
0.000866042684352682
0.000861855759058881
0.00085824641954235
0.000852071199226742
0.000849263194598076
0.000849263194598076
0.000849263194598076
0.00084900257405783
0.000848640352429383
0.000846671983534498
0.00084638615743171
0.000844856590894155
0.000844856590894155
0.00084394664180428
0.00083808979490011
0.00083808979490011
0.00083808979490011
0.00083808979490011
0.00083808979490011
0.000836481952860315
0.000836481952860315
0.000836389738896037
0.000836007765213985
0.000835536558787177
0.0169836572406114
0.010534340098326
0.00345988240485056
0.00345988240485056
0.00345988240485056
0.00345988240485056
0.00345988240485056
0.00345988240485056
0.00345988240485056
0.00345988240485056
0.00280447821342514
0.00280447821342514
0.00280447821342514
0.00280447821342514
0.00280447821342514
0.00280447821342514
0.00280447821342514
0.00280447821342514
0.00280447821342514
0.00280447821342514
0.00280447821342514
0.00273739500760627
0.00260576195412022
0.00257704111755245
0.00257704111755245
0.00257704111755245
0.00237410533590945
0.000767319273929054
0.000767319273929054
0.000767319273929054
0.000767319273929054
0.000767319273929054
0.000767319273929054
0.000767319273929054
0.000767319273929054
0.000747841895508594
0.00070822282062327
0.000623051127266972
0.000620800654201236
0.000620800654201236
0.000620800654201236
0.000610425937833364
0.000610425937833364
0.000589301869034879
0.000575277993029061
0.000535414241195846
0.000535414241195846
0.000535414241195846
0.000534670915630815
0.000534670915630815
0.000526060901640338
0.000511420521619477
0.000503001791296357
0.000503001791296357
0.000503001791296357
0.000487783791646782
0.000484130867269652
0.000484130867269652
0.000458860118284074
0.000458860118284074
0.000453526376861347
0.000453526376861347
0.000453526376861347
0.000453526376861347
0.000453526376861347
0.000453526376861347
0.000453109755261382
0.00044847230255643
0.00044847230255643
0.000448462420354956
0.000448462420354956
0.000447593700668777
0.000446086825392225
0.000446086825392225
0.000446086825392225
0.000445974382336625
0.000445721044662858
0.000445721044662858
0.000445131031433165
0.000445131031433165
0.000445131031433165
0.000443578682729315
0.000443578682729315
0.000442420207859038
0.00044179581024175
0.00044179581024175
0.000441613547319928
0.000441370999407099
0.000441084127584493
0.000441084127584493
0.000440708349610605
0.000440708349610605
0.000440702523555013
0.000440702523555013
0.000439917887152228
0.000439917887152228
0.000439917887152228
0.000439706340659076
0.000439706340659076
0.000439706340659076
0.0186326542435216
0.0128917734655898
0.00963447518603551
0.00963447518603551
0.00667330942410087
0.00667330942410087
0.00667330942410087
0.00667330942410087
0.00667330942410087
0.00667330942410087
0.00334821335490791
0.00334821335490791
0.00334821335490791
0.00334821335490791
0.00334821335490791
0.00334821335490791
0.00334821335490791
0.00334821335490791
0.00334821335490791
0.00334821335490791
0.00334821335490791
0.00334821335490791
0.00334821335490791
0.00334821335490791
0.00334821335490791
0.00334821335490791
0.00334821335490791
0.00334821335490791
0.00334821335490791
0.00334821335490791
0.00334821335490791
0.00334821335490791
0.00334821335490791
0.00334821335490791
0.00334821335490791
0.00334821335490791
0.00334821335490791
0.00334821335490791
0.00334821335490791
0.00334821335490791
0.00334821335490791
0.00334821335490791
0.00334821335490791
0.00334821335490791
0.00334821335490791
0.0028629016730708
0.0028629016730708
0.0028629016730708
0.0028629016730708
0.0028629016730708
0.0028629016730708
0.0028629016730708
0.0028629016730708
0.0028629016730708
0.0028629016730708
0.0028629016730708
0.0028629016730708
0.0028629016730708
0.00207479045454127
0.00207479045454127
0.00207479045454127
0.00207479045454127
0.00207479045454127
0.00207479045454127
0.00207479045454127
0.00207479045454127
0.00207479045454127
0.00207479045454127
0.00207479045454127
0.00207479045454127
0.00207479045454127
0.00207479045454127
0.00207479045454127
0.00207479045454127
0.00207479045454127
0.00207479045454127
0.00200180857352932
0.00200180857352932
0.00200180857352932
0.00200180857352932
0.00200180857352932
0.00200180857352932
0.00200180857352932
0.00200180857352932
0.00200180857352932
0.00200180857352932
0.00200180857352932
0.00200180857352932
0.00200180857352932
0.00200180857352932
0.00200180857352932
0.00200180857352932
0.00200180857352932
0.00200180857352932
0.00200180857352932
0.00200180857352932
0.00200180857352932
0.00200180857352932
0.00200180857352932
0.00200180857352932
0.00978604492586174
0.00826984644726124
0.00772792341653129
0.00772792341653129
0.00772792341653129
0.00772792341653129
0.00770585441152585
0.00770585441152585
0.00473328106165599
0.00473328106165599
0.00473328106165599
0.00473328106165599
0.00473328106165599
0.00327117103045123
0.00327117103045123
0.00327117103045123
0.00327117103045123
0.00327117103045123
0.00327117103045123
0.00327117103045123
0.00224393994497838
0.00224393994497838
0.00208747643201647
0.00208747643201647
0.00208747643201647
0.00204662683075314
0.00199763984562133
0.00199763984562133
0.00199763984562133
0.00199763984562133
0.00196477024710192
0.00196477024710192
0.00196477024710192
0.00196477024710192
0.00195952194591508
0.00175477806383813
0.00175477806383813
0.00175477806383813
0.00173657201243952
0.00146408098238418
0.00143199431022604
0.00135408793394073
0.00135408793394073
0.00124016357174064
0.00123522431424563
0.00123522431424563
0.00123522431424563
0.00123522431424563
0.00123522431424563
0.00123522431424563
0.00122128385566508
0.00117713124250662
0.00110784262330472
0.00110784262330472
0.00106862807988286
0.0010557607666185
0.0010557607666185
0.00099214682852556
0.00099214682852556
0.000982570571013277
0.000954986542912041
0.000954196703410238
0.000954196703410238
0.000906251799328412
0.000902716456039066
0.000901895605411871
0.000901895605411871
0.000901895605411871
0.000898750210267369
0.000898750210267369
0.000898750210267369
0.000894591057754535
0.000894584250537217
0.000894584250537217
0.000889887721979775
0.000866042684352682
0.000866042684352682
0.000861855759058881
0.00085824641954235
0.000852071199226742
0.000849263194598076
0.000849263194598076
0.000849263194598076
0.00084900257405783
0.000848640352429383
0.000846671983534498
0.00084638615743171
0.000844856590894155
0.000844856590894155
0.00084394664180428
0.00083808979490011
0.00083808979490011
0.00083808979490011
0.00083808979490011
0.00083808979490011
0.000836481952860315
0.000836481952860315
0.000836389738896037
0.000836007765213985
0.000835536558787177
0.0130349887607905
0.0112525675837002
0.0112525675837002
0.00805947402291558
0.005042187658393
0.005042187658393
0.005042187658393
0.005042187658393
0.00466124442891686
0.00466124442891686
0.00466124442891686
0.00466124442891686
0.00466124442891686
0.00364066598375646
0.00364066598375646
0.00364066598375646
0.00343668278169534
0.00311952923135249
0.00311952923135249
0.00294896615529724
0.00178989402796455
0.00178989402796455
0.00178989402796455
0.00178989402796455
0.00178989402796455
0.00178989402796455
0.00178989402796455
0.00178989402796455
0.00148732786503383
0.00148732786503383
0.00116437110777285
0.00116437110777285
0.00116437110777285
0.000811751005808198
0.000811751005808198
0.000811751005808198
0.000811751005808198
0.000811751005808198
0.000811751005808198
0.000738576736516791
0.000734927744565792
0.000734927744565792
0.000734927744565792
0.000734927744565792
0.000707625076629009
0.000700162774147754
0.000700162774147754
0.000532826910331735
0.000532826910331735
0.000532826910331735
0.000532826910331735
0.000532826910331735
0.000529896046289706
0.000510380590419544
0.000510380590419544
0.000510380590419544
0.000510380590419544
0.000507801312624274
0.000504391227849929
0.000495416888028946
0.000495416888028946
0.000495416888028946
0.0004793548944019
0.000473603629458761
0.000453455754432529
0.000447586708544495
0.000437272928023563
0.000437272928023563
0.000437272928023563
0.000437272928023563
0.000437272928023563
0.000437272928023563
0.000437272928023563
0.000437272928023563
0.000437272928023563
0.000437272928023563
0.000437272928023563
0.000436957976612895
0.000436711502431494
0.000436711502431494
0.000433728368272771
0.000433728368272771
0.000433537678180698
0.000433110285930461
0.000430684798618263
0.000430292780438935
0.000430292780438935
0.000430292780438935
0.000429180806761693
0.000429180806761693
0.000429180806761693
0.000429180806761693
0.000429180806761693
0.000429180806761693
0.000429180806761693
0.000429180806761693
0.000429180806761693
0.000429167101741403
0.000429134297213445
0.000429134297213445
0.000429134297213445
0.00042894430866161
0.000428928993761459
0.000428592565371557
0.000428310955600477
0.000428310955600477
0.000428302396292884
0.000428302396292884
0.000427981076079378
0.000427981076079378
0.000427847418380989
0.00042783472943092
0.000427760527276239
0.000427639010938442
0.000427639010938442
0.000427639010938442
0.000427639010938442
0.00042762760861293
0.000427609975709786
0.000427554651108975
0.000427554651108975
0.000427554651108975
0.000427554651108975
0.000427511800712334
0.000427511800712334
0.000427506312561697
0.000427506312561697
0.000427506312561697
0.000427504133629486
0.000427499896845301
0.000427489099468373
0.000427475795243147
0.000427475795243147
0.000427475795243147
0.00042746392126084
0.000427462617240269
0.000427461998968623
0.000427451557950275
0.000427451557950275
0.000427445823874225
0.000427445823874225
0.000427445823874225
0.000427445788454136
0.000427444869466098
0.000427440372602159
0.000427439721480939
0.000427438245162699
0.000427438043491541
0.000427436639040034
0.000427434961446055
0.000427434880023589
0.000427434034947691
0.000427434034947691
0.000427433591694012
0.000427431569879157
0.000427431569879157
0.000427431387817658
0.000427431100555297
0.000427431100555297
0.000427431100555297
0.000427429780291829
0.000427429765754078
0.000427429692575567
0.000427429392061035
0.00042742932815644
0.00042742932815644
0.000427428310812709
0.000427428228816457
0.000427428135477921
0.000427428135477921
0.000427428094264696
0.000427427845664757
0.000427427845664757
0.000427427842764049
0.000427427773186861
0.000427427439563972
0.000427427439563972
0.000427427082295619
0.000427427082295619
0.000427427019617313
0.000427427019617313
0.000427426925463926
0.000427426921915043
0.000427426855370779
0.000427426841731162
0.000427426776738987
0.000427426734678817
0.000427426734678817
0.000427426677023149
0.000427426668840605
0.000427426668840605
0.000427426668840605
0.000427426652264312
0.000427426625094727
0.000427426625094727
0.000427426614132764
0.000427426606911917
0.000427426595664314
0.000427426588372775
0.000427426587453022
0.000427426577062853
0.000427426566490725
0.000427426557995725
0.000427426547647849
0.000427426545609011
0.000427426538307055
0.000427426534257659
0.000427426532741827
0.000427426528844168
0.000427426526912306
0.000427426524109562
0.000427426522920327
0.000427426516933243
0.000427426512950053
0.000427426511778634
0.000427426511778634
0.000427426511091557
0.000427426510248186
0.000427426509677373
0.000427426507859779
0.000427426507327955
0.000427426506363198
0.000427426506100957
0.000427426506100957
0.000427426505102667
0.00042742650461325
0.000427426504371422
0.00042742650399333
0.000427426503615469
0.000427426503615469
0.000427426502951821
0.000427426502951821
0.000427426502898018
0.000427426502862733
0.000427426502561967
0.000427426502561967
0.000427426502520879
0.00042742650241566
0.00042742650241566
0.00042742650241566
0.000427426502401981
0.000427426502260957
0.000427426502260957
0.000427426502163305
0.000427426502129205
0.000427426502057172
0.000427426502057172
0.000427426502042211
0.000427426502042211
0.000427426502042211
0.000427426502042211
0.000427426502022001
0.000427426501988305
0.000427426501988305
0.000427426501977325
0.000427426501977325
0.000427426501963474
0.000427426501957392
0.00042742650195056
0.00042742650195056
0.000427426501941661
0.000427426501941661
0.000427426501941158
0.000427426501935308
0.000427426501932346
0.000427426501926496
0.000427426501926496
0.000427426501926496
0.000427426501920181
0.000427426501919406
0.000427426501919135
0.000427426501918536
0.000427426501917825
0.000427426501917126
0.000427426501914952
0.000427426501914952
0.000427426501914698
0.000427426501913881
0.000427426501912176
0.000427426501912176
0.000427426501912176
0.000427426501912176
0.000427426501912077
0.000427426501911763
0.000427426501911682
0.000427426501911002
0.00042742650191067
0.000427426501910163
0.00042742650191015
0.000427426501909794
0.000427426501909784
0.000427426501909732
0.000427426501909732
0.000427426501909635
0.000427426501909484
0.000427426501909438
0.000427426501909369
0.000427426501909335
0.000427426501909183
0.000427426501909183
0.000427426501909142
0.000427426501909024
0.000427426501908975
0.000427426501908975
0.000427426501908974
0.000427426501908954
0.000427426501908917
0.000427426501908916
0.00042742650190891
0.000427426501908869
0.000427426501908839
0.000427426501908839
0.000427426501908814
0.000427426501908814
0.000427426501908797
0.000427426501908797
0.000427426501908788
0.000427426501908788
0.000427426501908781
0.000427426501908771
0.000427426501908767
0.000427426501908767
0.00042742650190876
0.000427426501908755
0.000427426501908755
0.000427426501908751
0.000427426501908748
0.000427426501908748
0.000427426501908739
0.000427426501908739
0.000427426501908739
0.000427426501908739
0.000427426501908739
0.000427426501908739
0.000427426501908729
0.000427426501908729
0.000427426501908729
0.000427426501908729
0.000427426501908729
0.000427426501908729
0.000427426501908729
0.000427426501908727
0.000427426501908727
0.000427426501908727
0.000427426501908727
0.000427426501908727
0.000427426501908722
0.000427426501908717
0.000427426501908717
0.000427426501908717
0.000427426501908717
0.000427426501908717
0.000427426501908717
0.000427426501908717
0.000427426501908717
0.000427426501908717
0.000427426501908717
0.000427426501908717
0.000427426501908717
0.000427426501908717
0.000427426501908717
0.000427426501908717
0.000427426501908717
0.000427426501908717
0.000427426501908717
0.000427426501908717
0.000427426501908717
0.000427426501908717
0.000427426501908717
0.000427426501908717
0.000427426501908714
0.000427426501908714
0.000427426501908714
0.000427426501908714
0.000427426501908714
0.000427426501908714
0.000427426501908714
0.000427426501908714
0.000427426501908714
0.000427426501908714
0.000427426501908704
0.000427426501908704
0.000427426501908704
0.000427426501908704
0.000427426501908704
0.000427426501908704
0.000427426501908704
0.000427426501908704
0.000427426501908704
0.000427426501908704
0.000427426501908704
0.000427426501908704
0.000427426501908704
0.000427426501908704
0.000427426501908704
0.000427426501908704
0.000427426501908704
0.000427426501908704
0.000427426501908704
0.000427426501908704
0.000427426501908704
0.000427426501908704
0.000427426501908704
0.000427426501908704
0.000427426501908704
0.000427426501908704
0.000427426501908704
0.000427426501908704
0.000427426501908704
0.000427426501908704
0.000427426501908704
0.000427426501908704
0.000427426501908704
0.000427426501908704
0.000427426501908704
0.000427426501908704
0.000427426501908704
0.000427426501908704
0.000427426501908704
0.000427426501908704
0.000427426501908704
0.000427426501908704
0.000427426501908704
0.000427426501908704
0.000427426501908704
0.000427426501908704
0.000427426501908704
0.000427426501908704
0.000427426501908704
0.000427426501908704
0.000427426501908704
0.000427426501908704
0.000427426501908704
0.000427426501908704
0.000427426501908704
0.000427426501908704
0.000427426501908704
0.000427426501908704
0.000427426501908704
0.000427426501908704
0.000427426501908704
0.000427426501908703
0.000427426501908703
0.000427426501908703
0.000427426501908703
0.000427426501908703
0.000427426501908703
0.000427426501908703
0.000427426501908703
0.000427426501908703
0.000427426501908703
0.000427426501908703
0.000427426501908703
0.000427426501908703
0.000427426501908703
0.000427426501908703
0.000427426501908703
0.000427426501908703
0.000427426501908703
0.000427426501908703
0.000427426501908703
0.000427426501908703
0.000427426501908703
0.000427426501908703
0.000427426501908703
0.000427426501908703
0.000427426501908703
0.000427426501908703
0.000427426501908703
0.000427426501908703
0.000427426501908703
0.000427426501908703
0.000427426501908703
0.000427426501908703
0.000427426501908703
0.000427426501908703
0.000427426501908703
0.000427426501908703
0.000427426501908703
0.000427426501908703
0.000427426501908703
0.000427426501908703
0.000427426501908703
0.000427426501908703
0.000427426501908703
0.000427426501908703
0.000427426501908703
0.000427426501908703
0.000427426501908703
0.000427426501908703
0.000427426501908703
0.000427426501908703
0.000427426501908703
0.000427426501908702
0.000427426501908702
0.000427426501908702
0.000427426501908702
0.000427426501908702
0.000427426501908702
0.000427426501908702
0.000427426501908702
0.000427426501908702
0.000427426501908702
0.000427426501908702
0.000427426501908702
0.000427426501908702
0.000427426501908702
0.000427426501908702
0.000427426501908702
0.000427426501908702
0.000427426501908702
0.000427426501908702
0.000427426501908702
0.000427426501908702
0.000427426501908702
0.000427426501908702
0.000427426501908702
0.000427426501908702
0.000427426501908702
0.000427426501908702
0.000427426501908702
0.000427426501908702
0.000427426501908702
0.000427426501908702
0.000427426501908702
0.000427426501908702
0.000427426501908702
0.000427426501908702
0.000427426501908702
0.000427426501908702
0.000427426501908702
0.000427426501908702
0.000427426501908702
0.000427426501908702
0.000427426501908702
0.000427426501908702
0.000427426501908702
0.000427426501908702
0.000427426501908702
0.000427426501908702
0.000427426501908702
0.000427426501908702
0.000427426501908702
0.000427426501908702
0.000427426501908697
0.000427426501908697
0.000427426501908697
0.000427426501908697
0.000427426501908697
0.000427426501908697
0.000427426501908697
0.000427426501908697
0.000427426501908697
0.000427426501908697
0.000427426501908697
0.000427426501908697
0.000427426501908697
0.000427426501908697
0.000427426501908697
0.000427426501908697
0.000427426501908697
0.000427426501908697
0.000427426501908697
0.000427426501908697
0.000427426501908697
0.000427426501908697
0.000427426501908697
0.000427426501908697
0.000427426501908697
0.000427426501908697
0.000427426501908697
0.000427426501908697
0.000427426501908697
0.000427426501908697
0.000427426501908697
0.000427426501908697
0.000427426501908697
0.000427426501908697
0.000427426501908697
0.000427426501908697
0.000427426501908697
0.000427426501908697
0.000427426501908697
0.000427426501908697
0.000427426501908697
0.000427426501908697
0.000427426501908697
0.000427426501908697
0.000427426501908697
0.000427426501908697
0.000427426501908697
0.000427426501908697
0.000427426501908697
0.000427426501908697
0.000427426501908697
0.000427426501908697
0.000427426501908697
0.000427426501908697
0.000427426501908697
0.000427426501908697
0.000427426501908697
0.000427426501908697
0.000427426501908697
0.000427426501908697
0.000427426501908697
0.000427426501908697
0.000427426501908697
0.000427426501908697
0.000427426501908697
0.000427426501908697
0.000427426501908697
0.000427426501908697
0.000427426501908697
0.000427426501908697
0.000427426501908697
0.000427426501908697
0.000427426501908697
0.000427426501908697
0.000427426501908697
0.000427426501908697
0.000427426501908697
0.000427426501908697
0.000427426501908697
0.000427426501908697
0.000427426501908697
0.000427426501908697
0.000427426501908697
0.000427426501908697
0.000427426501908697
0.000427426501908697
0.000427426501908697
0.000427426501908697
0.000427426501908697
0.000427426501908697
0.000427426501908697
0.000427426501908697
0.000427426501908697
0.000427426501908697
0.000427426501908697
0.000427426501908697
0.000427426501908697
0.000427426501908697
0.000427426501908697
0.000427426501908697
0.000427426501908697
0.000427426501908697
0.000427426501908697
0.000427426501908697
0.000427426501908697
0.000427426501908697
0.000427426501908697
0.000427426501908697
0.000427426501908697
0.000427426501908697
0.000427426501908697
0.000427426501908697
0.000427426501908697
0.000427426501908697
0.000427426501908697
0.000427426501908697
0.000427426501908697
0.000427426501908697
0.000427426501908697
0.000427426501908697
0.000427426501908697
0.000427426501908697
0.000427426501908697
0.000427426501908697
0.000427426501908697
0.000427426501908697
0.000427426501908697
0.000427426501908697
0.000427426501908697
0.000427426501908697
0.000427426501908697
0.000427426501908697
0.000427426501908697
0.000427426501908697
0.000427426501908697
0.000427426501908697
0.000427426501908697
0.000427426501908697
0.000427426501908697
0.000427426501908697
0.000427426501908697
0.000427426501908697
0.000427426501908697
0.000427426501908697
0.000427426501908697
0.000427426501908697
0.000427426501908697
0.000427426501908697
0.000427426501908697
0.000427426501908697
0.000427426501908697
0.000427426501908697
0.000427426501908697
0.000427426501908697
0.000427426501908697
0.000427426501908697
0.000427426501908697
0.000427426501908697
0.000427426501908697
0.000427426501908697
0.000427426501908697
0.000427426501908697
0.000427426501908697
0.000427426501908697
0.000427426501908697
0.000427426501908697
0.000427426501908697
0.000427426501908697
0.000427426501908697
0.000427426501908697
0.000427426501908697
0.000427426501908697
0.000427426501908697
0.000427426501908697
0.000427426501908697
0.000427426501908697
0.000427426501908697
0.000427426501908697
0.000427426501908697
0.000427426501908697
0.000427426501908697
0.000427426501908697
0.000427426501908697
0.000427426501908697
0.000427426501908697
0.000427426501908697
0.000427426501908697
0.000427426501908697
0.000427426501908697
0.000427426501908697
0.000427426501908697
0.000427426501908697
0.000427426501908697
0.000427426501908697
0.000427426501908697
0.000427426501908697
0.000427426501908697
0.000427426501908697
0.000427426501908697
0.000427426501908697
0.000427426501908697
0.000427426501908697
0.000427426501908697
0.000427426501908697
0.000427426501908697
0.000427426501908697
0.000427426501908697
0.000427426501908697
0.000427426501908697
0.000427426501908697
0.000427426501908697
0.000427426501908697
0.000427426501908697
0.000427426501908697
0.000427426501908697
0.000427426501908697
0.000427426501908697
0.000427426501908697
0.000427426501908697
0.000427426501908697
0.000427426501908697
0.000427426501908697
0.000427426501908697
0.000427426501908697
0.000427426501908697
0.000427426501908697
0.000427426501908697
0.000427426501908697
0.000427426501908697
0.000427426501908697
0.000427426501908697
0.000427426501908697
0.000427426501908697
0.000427426501908697
0.000427426501908697
0.000427426501908697
0.000427426501908697
0.000427426501908697
0.000427426501908697
0.000427426501908697
0.000427426501908697
0.000427426501908697
0.000427426501908697
0.000427426501908697
0.000427426501908697
0.000427426501908697
0.000427426501908697
0.000427426501908697
0.000427426501908697
0.000427426501908697
0.000427426501908697
0.000427426501908697
0.000427426501908697
0.000427426501908697
0.000427426501908697
0.000427426501908697
0.000427426501908697
0.000427426501908697
0.000427426501908697
0.000427426501908697
0.000427426501908697
0.000427426501908697
0.000427426501908697
0.000427426501908697
0.000427426501908697
0.000427426501908697
0.000427426501908697
0.000427426501908697
0.000427426501908697
0.000427426501908697
0.000427426501908697
0.000427426501908697
0.000427426501908697
0.000427426501908697
0.000427426501908697
0.000427426501908697
0.000427426501908697
0.000427426501908697
0.000427426501908697
0.000427426501908697
0.000427426501908697
0.000427426501908697
0.000427426501908697
0.000427426501908697
0.000427426501908697
0.000427426501908697
0.000427426501908697
0.000427426501908697
0.000427426501908697
0.000427426501908697
0.000427426501908697
0.000427426501908697
0.000427426501908697
0.000427426501908697
0.000427426501908697
0.000427426501908697
0.000427426501908697
0.000427426501908697
0.000427426501908697
0.000427426501908697
0.000427426501908697
0.000427426501908697
0.000427426501908697
0.000427426501908697
0.000427426501908697
0.000427426501908697
0.000427426501908697
0.000427426501908697
0.000427426501908697
0.000427426501908697
0.000427426501908697
0.000427426501908697
0.000427426501908697
0.000427426501908697
0.000427426501908697
0.000427426501908697
0.000427426501908697
0.000427426501908697
0.000427426501908697
0.000427426501908697
0.000427426501908697
0.000427426501908697
0.000427426501908697
0.000427426501908697
0.000427426501908697
0.000427426501908697
0.000427426501908697
0.000427426501908697
0.000427426501908697
0.000427426501908697
0.000427426501908697
0.000427426501908697
0.000427426501908697
0.000427426501908697
0.000427426501908697
0.000427426501908697
0.000427426501908697
0.000427426501908697
0.000427426501908697
0.000427426501908697
0.000427426501908697
0.000427426501908697
0.000427426501908697
0.000427426501908697
0.000427426501908697
0.000427426501908697
0.000427426501908697
0.000427426501908697
0.000427426501908697
0.000427426501908697
0.000427426501908697
0.000427426501908697
0.000427426501908697
0.000427426501908697
0.000427426501908697
0.000427426501908697
0.000427426501908697
0.000427426501908697
0.000427426501908697
0.000427426501908697
0.000427426501908697
0.000427426501908697
0.000427426501908697
0.000427426501908697
0.000427426501908697
0.000427426501908697
0.000427426501908697
0.000427426501908697
0.000427426501908697
0.000427426501908697
0.000427426501908697
0.000427426501908697
0.000427426501908697
0.000427426501908697
0.000427426501908697
0.000427426501908697
0.000427426501908697
0.000427426501908697
0.000427426501908697
0.000427426501908697
0.000427426501908697
0.000427426501908697
0.000427426501908697
0.000427426501908697
0.000427426501908697
0.000427426501908697
0.000427426501908697
0.000427426501908697
0.000427426501908697
0.000427426501908697
0.000427426501908697
0.000427426501908697
0.000427426501908697
0.000427426501908697
0.000427426501908697
0.000427426501908697
0.000427426501908697
0.000427426501908697
0.000427426501908697
0.000427426501908697
0.000427426501908697
0.000427426501908697
0.000427426501908697
0.000427426501908697
0.000427426501908697
0.000427426501908697
0.000427426501908697
0.000427426501908697
0.000427426501908697
0.000427426501908697
0.000427426501908697
0.000427426501908697
0.000427426501908697
0.000427426501908697
0.000427426501908697
0.000427426501908697
0.000427426501908697
0.000427426501908697
0.000427426501908697
0.000427426501908697
0.000427426501908697
0.000427426501908697
0.000427426501908697
0.000427426501908697
0.000427426501908697
0.000427426501908697
0.000427426501908697
0.000427426501908697
0.000427426501908697
0.000427426501908697
0.000427426501908697
0.000427426501908697
0.000427426501908697
0.000427426501908697
0.000427426501908697
0.000427426501908697
0.000427426501908697
0.000427426501908697
0.000427426501908697
0.000427426501908697
0.000427426501908697
0.000427426501908697
0.000427426501908697
0.000427426501908697
0.000427426501908697
0.000427426501908697
0.000427426501908697
0.000427426501908697
0.000427426501908697
0.000427426501908697
0.000427426501908697
0.000427426501908697
0.000427426501908697
0.000427426501908697
0.000427426501908697
0.000427426501908697
0.000427426501908697
0.000427426501908697
0.000427426501908697
0.000427426501908697
0.000427426501908697
0.000427426501908697
0.000427426501908697
0.000427426501908697
0.000427426501908697
0.000427426501908697
0.000427426501908697
0.000427426501908697
0.000427426501908697
0.000427426501908697
0.000427426501908697
0.000427426501908697
0.000427426501908697
0.000427426501908697
0.000427426501908697
0.000427426501908697
0.000427426501908697
0.000427426501908697
0.000427426501908697
0.000427426501908697
0.000427426501908697
0.000427426501908697
0.000427426501908697
0.000427426501908697
0.000427426501908697
0.000427426501908697
0.000427426501908697
0.000427426501908697
0.000427426501908697
0.000427426501908697
0.000427426501908697
0.000427426501908697
0.000427426501908697
0.000427426501908697
0.000427426501908697
0.000427426501908697
0.000427426501908697
0.000427426501908697
0.000427426501908697
0.000427426501908697
0.000427426501908697
0.000427426501908697
0.000427426501908697
0.000427426501908697
0.000427426501908697
0.000427426501908697
0.000427426501908697
0.000427426501908697
0.000427426501908697
0.000427426501908697
0.000427426501908697
0.000427426501908697
0.000427426501908697
0.000427426501908697
0.000427426501908697
0.000427426501908697
0.000427426501908697
0.000427426501908697
0.000427426501908697
0.000427426501908697
0.000427426501908697
0.000427426501908697
0.000427426501908697
0.000427426501908697
0.000427426501908697
0.000427426501908697
0.000427426501908697
0.000427426501908697
0.000427426501908697
0.000427426501908697
0.000427426501908697
0.000427426501908697
0.000427426501908697
0.000427426501908697
0.000427426501908697
0.000427426501908697
0.000427426501908697
0.000427426501908697
0.000427426501908697
0.000427426501908697
0.000427426501908697
0.000427426501908697
0.000427426501908697
0.000427426501908697
0.000427426501908697
0.000427426501908697
0.000427426501908697
0.000427426501908697
0.000427426501908697
0.000427426501908697
0.000427426501908697
0.000427426501908697
0.000427426501908697
0.000427426501908697
0.000427426501908697
0.000427426501908697
0.000427426501908697
0.000427426501908697
0.000427426501908697
0.000427426501908697
0.000427426501908697
0.000427426501908695
0.000427426501908695
0.000427426501908695
0.000427426501908695
0.000427426501908695
0.000427426501908695
0.000427426501908695
0.000427426501908695
0.000427426501908695
0.000427426501908695
0.000427426501908695
0.000427426501908695
0.000427426501908695
0.000427426501908695
0.000427426501908695
0.000427426501908695
0.000427426501908695
0.000427426501908695
0.000427426501908695
0.000427426501908695
0.000427426501908695
0.000427426501908695
0.000427426501908695
0.000427426501908695
0.000427426501908695
0.000427426501908695
0.000427426501908695
0.000427426501908695
0.000427426501908695
0.000427426501908695
0.000427426501908695
0.000427426501908695
0.000427426501908695
0.000427426501908695
0.000427426501908695
0.000427426501908695
0.000427426501908695
0.000427426501908695
0.000427426501908695
0.000427426501908695
0.000427426501908695
0.000427426501908695
0.000427426501908695
0.000427426501908695
0.000427426501908695
0.000427426501908695
0.000427426501908695
0.000427426501908695
0.000427426501908695
0.000427426501908695
0.000427426501908695
0.000427426501908695
0.000427426501908695
0.000427426501908695
0.000427426501908695
0.000427426501908695
0.000427426501908695
0.000427426501908695
0.000427426501908695
0.000427426501908695
0.000427426501908695
0.000427426501908695
0.000427426501908695
0.000427426501908695
0.000427426501908695
0.000427426501908695
0.000427426501908695
0.000427426501908695
0.000427426501908695
0.000427426501908695
0.000427426501908695
0.000427426501908695
0.000427426501908695
0.000427426501908695
0.000427426501908695
0.000427426501908695
0.000427426501908695
0.000427426501908695
0.000427426501908695
0.000427426501908695
0.000427426501908695
0.000427426501908695
0.000427426501908695
0.000427426501908695
0.000427426501908695
0.000427426501908695
0.000427426501908695
0.000427426501908695
0.000427426501908695
0.000427426501908695
0.000427426501908695
0.000427426501908695
0.000427426501908695
0.000427426501908695
0.000427426501908695
0.000427426501908695
0.000427426501908695
0.000427426501908695
0.000427426501908695
0.000427426501908695
0.000427426501908695
0.000427426501908695
0.000427426501908695
0.000427426501908695
0.000427426501908695
0.000427426501908695
0.000427426501908695
0.000427426501908695
0.000427426501908695
0.000427426501908695
0.000427426501908695
0.000427426501908695
0.000427426501908695
0.000427426501908695
0.000427426501908695
0.000427426501908695
0.000427426501908695
0.000427426501908695
0.000427426501908695
0.000427426501908695
0.000427426501908695
0.000427426501908695
0.000427426501908695
0.000427426501908695
0.000427426501908695
0.000427426501908695
0.000427426501908695
0.000427426501908689
0.000427426501908689
0.000427426501908689
0.000427426501908689
0.000427426501908689
0.000427426501908689
0.000427426501908689
0.000427426501908689
0.000427426501908689
0.000427426501908689
0.000427426501908689
0.000427426501908689
0.000427426501908689
0.000427426501908689
0.000427426501908689
0.000427426501908689
0.000427426501908689
0.000427426501908689
0.000427426501908689
0.000427426501908689
0.000427426501908689
0.000427426501908689
0.000427426501908689
0.000427426501908689
0.000427426501908689
0.000427426501908689
0.000427426501908689
0.000427426501908689
0.000427426501908689
0.000427426501908689
0.000427426501908689
0.000427426501908689
0.000427426501908689
0.000427426501908689
0.000427426501908689
0.000427426501908689
0.000427426501908689
0.000427426501908689
0.000427426501908689
0.000427426501908689
0.000427426501908689
0.000427426501908689
0.000427426501908689
0.000427426501908689
0.000427426501908689
0.000427426501908689
0.000427426501908689
0.000427426501908689
0.000427426501908689
0.000427426501908689
0.000427426501908689
0.000427426501908689
0.000427426501908689
0.000427426501908689
0.000427426501908689
0.000427426501908689
0.000427426501908689
0.000427426501908689
0.000427426501908689
0.000427426501908689
0.000427426501908689
0.000427426501908689
0.000427426501908689
0.000427426501908689
0.000427426501908689
0.000427426501908689
0.000427426501908689
0.000427426501908689
0.000427426501908689
0.000427426501908689
0.000427426501908689
0.000427426501908689
0.000427426501908689
0.000427426501908689
0.000427426501908689
0.000427426501908689
0.000427426501908689
0.000427426501908689
0.000427426501908689
0.000427426501908689
0.000427426501908689
0.000427426501908689
0.000427426501908689
0.000427426501908689
0.000427426501908689
0.000427426501908689
0.000427426501908689
0.000427426501908689
0.000427426501908689
0.000427426501908689
0.000427426501908689
0.000427426501908689
0.000427426501908689
0.000427426501908689
0.000427426501908689
0.000427426501908689
0.000427426501908689
0.000427426501908689
0.000427426501908689
0.000427426501908689
0.000427426501908689
0.000427426501908689
0.000427426501908689
0.000427426501908689
0.000427426501908689
0.000427426501908689
0.000427426501908689
0.000427426501908689
0.000427426501908689
0.000427426501908689
0.000427426501908689
0.000427426501908689
0.000427426501908689
0.000427426501908689
0.000427426501908689
0.000427426501908689
0.000427426501908689
0.000427426501908689
0.000427426501908689
0.000427426501908689
0.000427426501908689
0.000427426501908689
0.000427426501908689
0.000427426501908689
0.000427426501908689
0.000427426501908689
0.000427426501908689
0.000427426501908689
