0.0163177179778243
0.0163177179778243
0.0163177179778243
0.0122706289498805
0.0122706289498805
0.0117628710487207
0.0117628710487207
0.00850406510997643
0.00813631106928807
0.00799092214191443
0.00561624807915221
0.00561624807915221
0.00561624807915221
0.00561624807915221
0.00561624807915221
0.00506877369331855
0.00506877369331855
0.00506877369331855
0.00506877369331855
0.00506877369331855
0.00506877369331855
0.00506877369331855
0.00506877369331855
0.00506877369331855
0.00506877369331855
0.00506877369331855
0.00462823288601506
0.00462823288601506
0.00462823288601506
0.00462823288601506
0.004075428742627
0.004075428742627
0.004075428742627
0.004075428742627
0.00373717993546314
0.00373717993546314
0.00373717993546314
0.00373717993546314
0.00373717993546314
0.00373717993546314
0.00373717993546314
0.00373717993546314
0.00373717993546314
0.00373717993546314
0.00373717993546314
0.00373717993546314
0.0033627618163857
0.0033627618163857
0.0033627618163857
0.0033627618163857
0.0033627618163857
0.0033627618163857
0.00328509837373893
0.00328509837373893
0.00328509837373893
0.00328509837373893
0.00328509837373893
0.00306603455236347
0.00306603455236347
0.00306603455236347
0.00306603455236347
0.00203486848663242
0.00203486848663242
0.00203486848663242
0.00203486848663242
0.00203486848663242
0.00203486848663242
0.00203486848663242
0.00203486848663242
0.00203486848663242
0.00203486848663242
0.00203486848663242
0.00203486848663242
0.00203486848663242
0.00203486848663242
0.00203486848663242
0.00203486848663242
0.00203486848663242
0.00203486848663242
0.00203486848663242
0.00203486848663242
0.00203486848663242
0.00203486848663242
0.00203486848663242
0.00203486848663242
0.00203486848663242
0.00203486848663242
0.00203486848663242
0.00203486848663242
0.00203486848663242
0.00203486848663242
0.00203486848663242
0.00203486848663242
0.00203486848663242
0.00203486848663242
0.00203486848663242
0.00203486848663242
0.00203486848663242
0.00203486848663242
0.00203486848663242
