0.0112490093529211
0.0112490093529211
0.00944631469597264
0.00944631469597264
0.00944631469597264
0.00944631469597264
0.00944631469597264
0.00944631469597264
0.00804919674307823
0.00804919674307823
0.00804919674307823
0.00624346194759253
0.00624346194759253
0.00624346194759253
0.00624346194759253
0.00624346194759253
0.00624346194759253
0.0058938947429575
0.0058938947429575
0.00577872312843593
0.00518560938617277
0.00518560938617277
0.00518560938617277
0.00518560938617277
0.00500997601621841
0.00498227510127436
0.00399480415031375
0.00399480415031375
0.00399480415031375
0.00399480415031375
0.00399480415031375
0.00399480415031375
0.00399480415031375
0.00399480415031375
0.00399480415031375
0.00399480415031375
0.00399480415031375
0.00399480415031375
0.00390375274563664
0.00365194921453366
0.00348630102991179
0.00348630102991179
0.00348630102991179
0.00348630102991179
0.00348630102991179
0.00348630102991179
0.00348630102991179
0.00348630102991179
0.0032849697446211
0.0032849697446211
0.0032849697446211
0.0032849697446211
0.00220712189043545
0.00220712189043545
0.00220712189043545
0.00220712189043545
0.00220712189043545
0.00220712189043545
0.00220712189043545
0.00220712189043545
0.00209951296287052
0.00209951296287052
0.00209951296287052
0.00209951296287052
0.00209951296287052
0.00209951296287052
0.00209951296287052
0.000721542826013977
0.000721542826013977
0.000721542826013977
0.000721542826013977
0.000721542826013977
0.000721542826013977
0.000721542826013977
0.000721542826013977
0.000721542826013977
0.000721542826013977
0.000721542826013977
0.000721542826013977
0.000721542826013977
0.000721542826013977
0.000721542826013977
0.000721542826013977
0.000721542826013977
0.000721542826013977
0.000721542826013977
0.000721542826013977
0.000721542826013977
0.000721542826013977
0.000575948666008663
0.00045048579991432
0.00045048579991432
0.00045048579991432
0.00045048579991432
0.00045048579991432
0.00045048579991432
0.00045048579991432
0.00045048579991432
0.00045048579991432
0.00045048579991432
